3.806458691878813261e+04
3.039006078617013918e+04
2.890634966512378014e+04
2.703373430815625397e+04
2.521958844414054329e+04
2.422646372466512548e+04
2.322609152991093288e+04
2.055580479872361320e+04
1.837729784697384093e+04
1.763980569289571577e+04
1.730617862841012538e+04
1.690287212462304524e+04
1.654606789571498666e+04
1.634064308945227640e+04
1.614216736797811973e+04
1.603941618889823985e+04
1.579939395732519733e+04
1.560111860053299642e+04
1.555437354916193362e+04
1.539003938302125061e+04
1.535251450399747591e+04
1.524580060838768441e+04
1.525709513728171623e+04
1.508648745529139524e+04
1.502771599516095011e+04
1.496594599463496706e+04
1.504591438740444573e+04
1.487645886808331670e+04
1.484279181569535103e+04
1.481906521758187773e+04
1.471160665632232303e+04
1.478522111035135640e+04
1.468716551826916293e+04
1.467573339645136366e+04
1.462022155305421074e+04
1.457552066238866610e+04
1.452141173995371355e+04
1.454327224472263151e+04
1.445677384458938286e+04
1.450087066501858499e+04
1.449288634371274202e+04
1.441321690248264167e+04
1.437496243162213250e+04
1.432472384984921882e+04
1.431301884336208786e+04
1.428650391419454354e+04
1.425630626709446733e+04
1.424985696314608322e+04
1.421575313398555227e+04
1.418910542464408354e+04
1.419443227084648242e+04
1.416268199032190205e+04
1.413531939038502060e+04
1.412967851006381898e+04
1.412738432744231795e+04
1.411543858264955452e+04
1.406722985482852891e+04
1.408600096868644323e+04
1.405223841082824947e+04
1.401321185304018582e+04
1.401990967108492805e+04
1.399391569359702589e+04
7.510941707430394308e+04
8.449413924538888386e+04
8.449413959604460979e+04
8.449413935058559582e+04
8.449413945578230778e+04
8.449413952591345878e+04
8.449413917525773286e+04
8.449413907006102090e+04
8.449413924538888386e+04
8.449413903499544540e+04
8.449413949084788328e+04
8.449413899992986990e+04
8.449413863174135622e+04
8.449413896486429439e+04
8.449413949084788328e+04
8.449413964864295849e+04
8.449413914019215736e+04
8.449413917525773286e+04
8.449413910512658185e+04
8.449413914019215736e+04
8.449413938565117132e+04
8.449413903499544540e+04
8.449413905252823315e+04
8.449413878953643143e+04
8.449413957851182204e+04
8.449413921032330836e+04
8.449413903499544540e+04
8.449413899992986990e+04
8.449413889473315794e+04
8.449413899992986990e+04
8.449413899992986990e+04
8.449413943824952003e+04
8.449413938565117132e+04
8.449413914019215736e+04
8.449413935058559582e+04
8.449413926292165706e+04
8.449413892979871889e+04
8.449413907006102090e+04
8.449413921032330836e+04
8.449413935058559582e+04
8.449413882460200693e+04
8.449413924538888386e+04
8.449413861420856847e+04
8.449413921032330836e+04
8.449413896486429439e+04
8.449413942071674683e+04
8.449413938565117132e+04
8.449413924538888386e+04
8.449413910512658185e+04
8.449413921032330836e+04
8.449413919279052061e+04
8.449413907006102090e+04
8.449413933305280807e+04
8.449413936811838357e+04
8.449413894733150664e+04
8.449413868433971948e+04
8.449413949084788328e+04
8.449413889473315794e+04
8.449413868433971948e+04
8.449413936811838357e+04
8.449413871940529498e+04
8.449413914019215736e+04
8.449413910512658185e+04
8.449413903499544540e+04
8.449413959604460979e+04
8.449413914019215736e+04
8.449413949084788328e+04
8.449413915772494511e+04
8.449413917525773286e+04
8.449413903499544540e+04
8.449413914019215736e+04
8.449413945578230778e+04
8.449413901746265765e+04
8.449413889473315794e+04
8.449413907006102090e+04
8.449413928045444482e+04
8.449413928045444482e+04
8.449413914019215736e+04
8.449413924538888386e+04
8.449413924538888386e+04
8.449413942071674683e+04
8.449413921032330836e+04
8.449413956097903429e+04
8.449413899992986990e+04
8.449413882460200693e+04
8.449413899992986990e+04
8.449413903499544540e+04
7.981327643067536701e+04
2.984581150501437514e+04
2.566992303106809777e+04
2.439379057963391460e+04
2.282358014236622330e+04
1.759622537081842893e+04
1.638060504330598269e+04
1.597254595781611533e+04
1.568205752507188481e+04
1.543366386142085685e+04
1.521074225927484440e+04
1.506542023897187755e+04
1.492767477996353227e+04
1.480855837541201981e+04
1.478415150957290098e+04
1.471649191738551053e+04
1.461378942685321636e+04
1.456180989638123356e+04
1.450582407163896460e+04
1.452221123500946851e+04
1.445460321989620570e+04
1.443038423101199260e+04
1.440135436391051189e+04
1.435450523353671451e+04
1.429360464005189715e+04
1.430138406006732657e+04
1.428288413458166724e+04
1.428903782260326807e+04
1.424607397959183618e+04
1.421265012448278321e+04
1.419011016287958410e+04
1.420661024616032046e+04
1.421678276001122140e+04
1.416475899870257308e+04
1.411448252419524579e+04
1.417009699137386997e+04
1.409289788028613475e+04
1.409597128567921936e+04
1.410315091784136348e+04
1.404730210744091528e+04
1.406835211533066831e+04
1.404798333946980893e+04
1.404361183726067793e+04
1.398275746896696910e+04
1.400625860421488142e+04
1.397547643593519933e+04
1.396431857072726052e+04
1.389130669226453392e+04
1.393522868889823985e+04
1.385199841766603458e+04
1.386128696349673919e+04
1.383998560119924332e+04
1.382472834700890598e+04
1.380926149712462393e+04
1.378213047899572121e+04
1.377243124517848446e+04
1.375832145048741222e+04
1.373401066870046998e+04
1.373140632670594096e+04
1.370620971404025477e+04
1.370849658548986554e+04
1.369013033873343193e+04
1.370182647363069009e+04
1.364636114471561814e+04
1.365594059891998040e+04
1.363826605564906458e+04
1.360430551756785098e+04
1.357104595343292021e+04
1.365308892629216643e+04
1.356412337821726578e+04
1.357879601041447495e+04
1.353501836997685677e+04
1.353264621467143479e+04
1.352790733484115299e+04
1.354962395679921428e+04
1.349286773266007367e+04
1.349594839662669256e+04
1.347206330212497414e+04
1.344996186180657787e+04
1.347238318781120688e+04
1.347793597464759114e+04
1.348729141682446243e+04
1.342825726295672939e+04
1.346719077863104030e+04
1.342725712269443829e+04
1.344819247054491825e+04
1.339667524458236949e+04
1.338332199838698398e+04
1.343381304789957176e+04
1.338462238323164274e+04
1.335583128638053131e+04
1.335490013763237221e+04
1.339449794428080531e+04
1.332475781523949809e+04
1.338508927694789236e+04
1.335193920506346876e+04
1.330515032610982598e+04
1.332182957693386561e+04
1.331638676011641837e+04
1.335568690826846250e+04
1.329822509906024243e+04
1.330634588242513564e+04
1.329629412563994629e+04
1.330916486955607070e+04
1.329411649221544212e+04
1.330911589171751257e+04
1.327028177379199042e+04
1.327516029349884229e+04
1.327585399572200004e+04
1.540814332176169410e+04
1.423171962883091328e+04
1.395672502454589994e+04
1.382912627989340035e+04
1.376998813907006115e+04
1.372138414773125805e+04
1.365676267182130505e+04
1.362953027035556443e+04
1.366222736517287376e+04
1.357079744810295233e+04
1.358642044936531238e+04
1.353571287870818378e+04
1.353961146468896914e+04
1.351789900676765501e+04
1.347799414404937306e+04
1.348114159039904553e+04
1.344683145294200222e+04
1.345719105477242374e+04
1.342814384336208786e+04
1.344229612437758624e+04
1.344560874710708958e+04
1.341257355442176959e+04
1.337170387562241376e+04
1.337433868083315792e+04
1.339514216021460197e+04
1.334078421523248471e+04
1.334564504874114573e+04
1.335881401220281987e+04
1.331741880128340017e+04
1.335514167367978189e+04
1.329361841643873959e+04
1.332741033294761291e+04
1.329245106599340761e+04
1.330811066694719193e+04
1.329450699558173801e+04
1.328351614769619118e+04
2.477929718511115789e+04
1.775084063135563338e+04
1.623101389911634760e+04
1.566430351883021285e+04
1.539512400939757390e+04
1.522573593870537843e+04
