3.706423769198400987e+04
2.361340306999088352e+04
1.983727337558734871e+04
1.855577787274703587e+04
1.796558476225541744e+04
1.757942600287537789e+04
1.741363594922505217e+04
1.713245283242162986e+04
1.693954920576477889e+04
1.663826808506907764e+04
1.646187893611052641e+04
1.626799208833017656e+04
1.598501318465530494e+04
1.580592988638754468e+04
1.563295092134792139e+04
1.549078749824672195e+04
1.534192147065011522e+04
1.523232802966547388e+04
1.516972782102531710e+04
1.503924106704537553e+04
1.499057564958973308e+04
1.493064120029455080e+04
1.488475298057367218e+04
1.479035771705589468e+04
1.475287295304719737e+04
1.471547008468335844e+04
1.466623568886317480e+04
1.457770678168174527e+04
1.454645306473104756e+04
1.457184401518339291e+04
1.450124284662318496e+04
1.443660849288168902e+04
1.440699409145101345e+04
1.436159083298267797e+04
1.432769553001612985e+04
1.429955755137106462e+04
1.429145121063889383e+04
1.420261993302475639e+04
1.420719951872501588e+04
1.417416685952731677e+04
1.412841828406620334e+04
1.408621252805245786e+04
1.406988400308577002e+04
1.403199545024195322e+04
1.397840066361596109e+04
1.396143452819271988e+04
1.394251049337260702e+04
1.388795127200364732e+04
1.385466184953362790e+04
1.385480667473174799e+04
1.380148189739813461e+04
1.381629571235710864e+04
1.378449133442036691e+04
1.374344469282558384e+04
1.375429024212777949e+04
1.371295247738270518e+04
1.367258091819201945e+04
1.369591275247212252e+04
1.372225829739112123e+04
1.365938052721088388e+04
1.360791270425695984e+04
1.361076646766954218e+04
1.359794017374991199e+04
1.360719471035836978e+04
1.358688870625569871e+04
1.355779470422189479e+04
1.354192245248614927e+04
1.354468600971316300e+04
1.353726400431306502e+04
1.355747073339645067e+04
1.353370258257942442e+04
1.352442088768497160e+04
1.349127989340065869e+04
1.345860194438600229e+04
1.344149707640788256e+04
1.344270029455081021e+04
1.347921990497229854e+04
1.343392312311522619e+04
1.339534952047829393e+04
1.339010127375692537e+04
1.338582190195665862e+04
1.337510792744932951e+04
1.336368383564766191e+04
1.332505273423802464e+04
1.330827399800126295e+04
1.334351123413282767e+04
1.330055466722771598e+04
1.330364792411810049e+04
1.329076556034785062e+04
1.327009421681043568e+04
1.325794062960235715e+04
1.324655840171119962e+04
1.323721255435163766e+04
1.324453419769969878e+04
1.321777097797882016e+04
1.320158752805245786e+04
1.321428468423451886e+04
1.320827126288659747e+04
1.317440198734132900e+04
1.320945448926993413e+04
1.320060342152324847e+04
1.315807956378427662e+04
1.318232606161021067e+04
1.315188496738901813e+04
1.312551206255698162e+04
1.314018988007574080e+04
1.314494364962479813e+04
1.310084017111999492e+04
1.311504624272389447e+04
1.310734470334525577e+04
1.312902958219370157e+04
1.309950024107581157e+04
1.308930861210463627e+04
1.307800586910021775e+04
1.307575412897117531e+04
1.306173942334665844e+04
1.308616763973630623e+04
1.306039971246230380e+04
1.304913711515534123e+04
1.302959056122448965e+04
1.303714545199523127e+04
1.304333642787011740e+04
1.304333759380040647e+04
1.301569092765972346e+04
1.301086000508450888e+04
1.300025742075180642e+04
1.302799316221333902e+04
1.298951096237464117e+04
1.301233628322462937e+04
1.301013644014306738e+04
1.298225560610842331e+04
1.300457793761834546e+04
1.296790098358931209e+04
1.297102559348481736e+04
1.293838896048109928e+04
1.296055411056175035e+04
1.297005787572761074e+04
1.294119811171891524e+04
1.296029526527105736e+04
1.294205183568272696e+04
1.295862300564555699e+04
1.294128180447436716e+04
1.292121501332491789e+04
1.293148513219720917e+04
1.293586484413352991e+04
1.292681835595062694e+04
1.290789453590714584e+04
1.290820615050143715e+04
1.291230091521144459e+04
1.291292451258854089e+04
1.290572057998457058e+04
1.289944119941791178e+04
1.289536871887930465e+04
1.288937370695700884e+04
1.291212329931972818e+04
1.290173809085489847e+04
1.287174839575005171e+04
1.287487320288940282e+04
1.288307262518409516e+04
1.285720793007924840e+04
1.287779611999438930e+04
1.285606277614138526e+04
1.288120565081702807e+04
1.285167337734062676e+04
1.287046767830843601e+04
1.285229180692895716e+04
1.285831820692194378e+04
1.281351397363069009e+04
1.284968593519882234e+04
1.282084247668139506e+04
1.284740890840872453e+04
1.285728868170979695e+04
1.284914946700329529e+04
1.283746442159338039e+04
1.282844807227014462e+04
1.280980127463356439e+04
1.283672771144540275e+04
1.281384831071603912e+04
1.282126866365102796e+04
1.280411541394908454e+04
1.284266200732870493e+04
1.281077441440493749e+04
1.280482788501998766e+04
1.281988885090118492e+04
1.280490431481871019e+04
1.280449456483624454e+04
1.278578757714425956e+04
1.280906647117610009e+04
1.277957725383967954e+04
1.280712656918437460e+04
1.278741345378357619e+04
1.278528679255207317e+04
1.279066624587979459e+04
1.280798735009467782e+04
1.277466147696191911e+04
1.279289695104846032e+04
1.276795091258152752e+04
1.277280066975243790e+04
1.275531621256750077e+04
1.278941386142085685e+04
1.275645736464688889e+04
1.273782213426607814e+04
1.275272054930219565e+04
1.275709517673048686e+04
1.272935077845571141e+04
1.274794055070481772e+04
1.273286068009678092e+04
1.274055070920120670e+04
1.274534106090890054e+04
1.274098213847394618e+04
1.274482785433761092e+04
1.273764461480468526e+04
1.270969139666175761e+04
1.274814009134581647e+04
1.271131748369450906e+04
1.269829160530191439e+04
1.272489327792972836e+04
1.271222397696191911e+04
1.271756012430745432e+04
1.272264531611613711e+04
1.268072177659723638e+04
1.268696995318746121e+04
1.270618477365172839e+04
1.269521848919980403e+04
1.270650741636860948e+04
1.268969540290342957e+04
1.270551345641349326e+04
1.269939300178834492e+04
1.267963942071673955e+04
1.266159173153797565e+04
1.268053927344133444e+04
1.269649043148187047e+04
1.267383593256890344e+04
1.267079783382425194e+04
1.268466313819342213e+04
1.267466046444351014e+04
1.267547375780209040e+04
1.265615264482081511e+04
1.269208283803211998e+04
1.265807229644435029e+04
1.268254737358860984e+04
1.264751782207728502e+04
1.267941916947191203e+04
1.266600188477452866e+04
1.264861603197980185e+04
1.264333072094817362e+04
1.265603850199873705e+04
1.266466689459288864e+04
1.262342001542885191e+04
1.264963019408794389e+04
1.263110257556630859e+04
1.264945535714285688e+04
1.264253976874254840e+04
1.265362548653482008e+04
1.263698588172382370e+04
1.263152653587208079e+04
1.260831596272529714e+04
1.259610329879374513e+04
1.262234292376744452e+04
1.265230572796128763e+04
1.259580670541412474e+04
1.264825201188722895e+04
1.260921034083736595e+04
1.259817098411529514e+04
1.262706059330948847e+04
1.260058077354653142e+04
1.258939019215933877e+04
1.261293401535871999e+04
1.258821809471211236e+04
1.261386232379549801e+04
1.258859788554597071e+04
1.260621741969983850e+04
1.259927644382495237e+04
1.259624996931762325e+04
1.257540539746826653e+04
1.258445068465530494e+04
1.258288487534188971e+04
1.261355319885686185e+04
1.258658783925941498e+04
1.259989168244617395e+04
1.259298850287537607e+04
1.257354520828950081e+04
1.257518881495897404e+04
1.256129237674451178e+04
1.259159131075110417e+04
1.258196516235360104e+04
1.256880870415176469e+04
1.257220689564485656e+04
1.254621947103583625e+04
1.256823323427309151e+04
1.255458361385791432e+04
1.255028416701732203e+04
1.259033552054842585e+04
1.256652842502980639e+04
1.254343300722350796e+04
1.256013285468826689e+04
1.259511468195525595e+04
1.255490047075531220e+04
1.256340104933726070e+04
1.254364126165930247e+04
