1.845403080510554719e+04
1.485986312592047216e+04
1.344863770250368179e+04
1.292879053141875374e+04
1.271079369170348582e+04
1.247690055841924368e+04
1.229011033382425194e+04
1.219330961585665136e+04
1.197534987113401985e+04
1.239626445139911630e+04
1.164552097140402475e+04
1.171213860763377488e+04
1.131611401570937596e+04
1.127080490611192909e+04
1.147036628620520423e+04
1.150369731836033316e+04
1.101006389604811011e+04
1.080660682069219365e+04
1.098652755277368669e+04
1.106415994722631331e+04
1.066494170348551779e+04
1.090217340144820810e+04
1.074852827380952294e+04
1.055078873649975503e+04
1.054661725270004899e+04
1.090170498895434503e+04
1.039346040439371609e+04
1.044812193176239634e+04
1.065285168139420784e+04
1.033676979013254822e+04
1.030301159793814440e+04
1.029860358370152244e+04
1.020197999509082001e+04
1.023061817317132954e+04
1.037402120152184580e+04
1.014418733124693244e+04
1.015518113340697164e+04
1.011483535837015188e+04
1.028762125675012248e+04
1.006821422434953274e+04
1.018458024975454100e+04
1.022091793998527282e+04
1.007366071428571377e+04
9.976429798723613203e+03
9.945563988095238528e+03
9.922206569096710155e+03
9.961398640770741622e+03
1.004757136720667586e+04
9.871895956062837286e+03
9.844773732817870041e+03
9.886698791114384221e+03
1.001514638561610263e+04
9.843595897766323105e+03
9.987878896661757608e+03
9.917706921944034548e+03
9.983245551055473697e+03
1.024917496624938576e+04
9.943859305964653686e+03
9.725431424889542541e+03
9.780890433235150340e+03
9.789783229013255550e+03
9.705155283505155239e+03
9.785024315783013662e+03
9.720004633038783140e+03
9.748400174889542541e+03
9.676458609474717377e+03
9.845500797741777205e+03
9.785350469440352754e+03
9.656224027368680254e+03
9.760165285959745233e+03
9.871760033136966740e+03
9.695804461217476273e+03
9.690302696980854307e+03
9.758811579528719449e+03
9.697751840942562922e+03
9.627934615856651362e+03
9.667897735640648534e+03
1.014251353092783575e+04
9.855203546882670707e+03
9.651097247790869005e+03
9.591495673784977043e+03
9.610299828178694952e+03
9.702301807191948683e+03
9.708302927098675355e+03
9.728520557191948683e+03
9.563865304369170190e+03
9.570962582842415941e+03
9.622779485763378034e+03
9.598062223858614743e+03
1.002804281725576766e+04
9.656191872238585347e+03
9.564611683848797838e+03
9.587642657707412582e+03
9.579414135370643635e+03
9.588867390770741622e+03
9.537727156971035583e+03
9.560980654761904589e+03
9.990020557191948683e+03
9.611786281909671743e+03
9.543501257977417481e+03
9.560904884634266637e+03
1.011798966003927308e+04
9.506840543691703715e+03
9.538393670225821552e+03
9.673781449435444301e+03
9.609831415684830063e+03
9.543283873343150844e+03
9.508451982081493043e+03
9.505520158321060080e+03
9.531796008222876480e+03
9.600695646170839609e+03
9.478909272214039447e+03
9.544801515709375963e+03
9.550373097692685405e+03
9.589860226435936056e+03
9.523744922066764047e+03
9.671075325233186959e+03
9.481903979504173549e+03
9.597821704712812789e+03
9.501198591678939920e+03
9.517430136229750133e+03
9.486608354810996389e+03
9.485365703240058792e+03
9.431458747545410006e+03
9.467621041973490719e+03
9.498341863033872869e+03
9.506993219194893754e+03
9.664651218090328257e+03
9.470531572164947647e+03
9.906985855424643887e+03
9.554854059278350178e+03
9.524812776141385257e+03
9.432105777491409754e+03
9.452624739199804026e+03
9.447794888316151628e+03
9.442545455940107786e+03
9.538219286941581231e+03
9.501758575724104958e+03
9.479753375061365659e+03
9.536122207903779781e+03
9.502287984781542036e+03
9.412831124202257342e+03
9.399375490918017022e+03
9.440191657461953582e+03
9.400592691458026820e+03
9.479284088119784428e+03
9.501528595974472410e+03
9.393757287064310731e+03
9.432746901080019597e+03
9.478688804000981690e+03
9.547925518532154456e+03
9.426972385861561634e+03
9.407653105056455388e+03
9.527648011782031972e+03
9.492494553878252191e+03
9.411195753559155492e+03
9.394142719072164255e+03
9.472386107020127383e+03
9.431565445508100311e+03
9.548702779823270248e+03
9.407547128129603152e+03
9.454602018900342955e+03
9.439991715758467762e+03
9.456776816396661161e+03
9.372931808419243680e+03
9.618730976926854055e+03
9.366935551669121196e+03
9.414144529332352249e+03
9.434355823514972144e+03
9.474642274177711442e+03
9.388883928571429351e+03
9.427235655989199586e+03
9.588930059523809177e+03
9.428282155130093088e+03
9.577840543691703715e+03
9.573201245704467510e+03
9.665971358001963381e+03
9.387942087015218931e+03
9.347599518286695456e+03
9.362133529700540748e+03
9.409801485027001036e+03
9.414142090083456424e+03
9.379454666789395560e+03
9.433455142366225118e+03
9.700895925380462359e+03
9.412587935689740334e+03
9.325406234658812537e+03
9.391605746809033008e+03
9.369213027736868753e+03
9.499968397152675607e+03
9.476250905130093088e+03
9.554033811978399171e+03
9.334800779332352249e+03
9.367349886475209132e+03
9.327643470790377251e+03
9.486283275036819759e+03
9.363071858124692881e+03
9.359650006136474985e+03
9.361599272827686946e+03
9.364085941335297321e+03
9.307346219931270753e+03
9.336783965390279263e+03
9.350203823024054145e+03
9.308254817133038159e+03
9.299712260677466475e+03
9.316377163107510569e+03
9.339692378497791651e+03
9.378486146907216607e+03
9.326028135738832134e+03
9.357704544059892214e+03
9.388997622115855847e+03
9.322295793446244716e+03
9.315936349410898401e+03
9.293533290378007223e+03
9.454705249754541001e+03
9.311150006136474985e+03
9.292424736131566533e+03
9.325383775159549259e+03
9.325831967967598757e+03
9.344067516568482461e+03
9.318304875429554158e+03
9.299580802037309695e+03
9.395536174521354042e+03
9.391414825724104958e+03
9.552679353829160391e+03
9.343780130093275147e+03
9.486599993863525015e+03
9.324573208149238781e+03
9.315379050073637700e+03
9.305900788537064727e+03
9.396894836156112433e+03
9.273424644084438114e+03
9.268406832965145441e+03
9.361213181148748845e+03
9.306613616838487360e+03
9.412668691703485820e+03
9.383893746931762507e+03
9.285829636107020633e+03
9.295123281786942243e+03
9.332236898625429603e+03
9.279902782891507741e+03
9.359988586156112433e+03
9.349892228154149052e+03
9.337806179430535849e+03
9.401016936671576332e+03
9.331877914825723565e+03
9.315646707781050281e+03
9.390062208517427280e+03
9.290608094010800414e+03
9.258319986499755032e+03
9.412909180166912847e+03
9.496287202380952294e+03
9.304989997545410006e+03
9.267607771845850948e+03
9.261596618802159355e+03
9.298744369783995353e+03
9.234378589837997424e+03
9.293840482326952042e+03
9.302997484045165038e+03
9.318465298232695204e+03
9.273564432989691340e+03
9.299720498895434503e+03
9.425391353706430891e+03
9.268163537064310731e+03
9.392641215635738263e+03
9.295026003313696492e+03
9.288211647029946107e+03
9.271881397275405106e+03
9.326934769268531454e+03
9.311585665193912064e+03
9.288287800687285198e+03
9.263095498895434503e+03
9.418492835665194434e+03
9.290777445385370811e+03
9.269514850270004899e+03
9.290938359106528878e+03
9.381554599288168902e+03
9.366053832228768442e+03
9.262451107633774882e+03
9.336496855056455388e+03
9.310674920225821552e+03
9.328736116224839861e+03
9.237929537923417229e+03
9.783215850515463899e+03
9.281780621011290350e+03
9.260505216003926762e+03
9.301845790378007223e+03
9.283396416298477561e+03
9.343290669489444554e+03
9.261965114138438366e+03
9.278893562837505669e+03
9.298010738831615527e+03
9.309265371870396848e+03
9.336047158811978079e+03
9.417012073514972144e+03
9.417678832228768442e+03
9.241209514604810465e+03
9.324153549950908200e+03
9.336696321183111650e+03
9.308525358983799379e+03
