2.128857115243004591e+04
1.983002997668139506e+04
1.854015482326951314e+04
1.786601718213058484e+04
1.687920081615120216e+04
1.669383342538046054e+04
1.557905495213549329e+04
1.355255265095729010e+04
1.289169182621502296e+04
1.257588089101620062e+04
1.225823932253313615e+04
1.212338132056946415e+04
1.181123487358860984e+04
1.182953433357879294e+04
1.144709244599901831e+04
1.129730143900343683e+04
1.120273399914089350e+04
1.153989291850760856e+04
1.159243134818360340e+04
1.114246819771723131e+04
1.104684031357388267e+04
1.085942301791850696e+04
1.081792587137947885e+04
1.092042952258222795e+04
1.073211125429553249e+04
1.071896583517427644e+04
1.059604409057437442e+04
1.067309565230731459e+04
1.073667803448699124e+04
1.066607945201276380e+04
1.051478973367697654e+04
1.049101773441335354e+04
1.047067634695630841e+04
1.052874237542955416e+04
1.057379310873834038e+04
1.035016611438389737e+04
1.035511676178203197e+04
1.062885389052528262e+04
1.032698025589101599e+04
1.027634648073146855e+04
1.022159302896416375e+04
1.023168093397152734e+04
1.027486395434462429e+04
1.034083930105547370e+04
1.023474961647029886e+04
1.017891323024055055e+04
1.010258811978399535e+04
1.016931750122729500e+04
1.018205673171330454e+04
1.010045572533137056e+04
1.046694334499263641e+04
1.019106127270495745e+04
1.045458090942562558e+04
1.041042748220422254e+04
1.021822982633775246e+04
1.005991712690230815e+04
1.050776636904761835e+04
1.005184543753068283e+04
1.003054192746686385e+04
1.019843885002454590e+04
1.001167373895434503e+04
9.978943206921943784e+03
6.397793667157584423e+04
6.397793667157584423e+04
6.397793667157584423e+04
6.397793667157584423e+04
6.397793667157584423e+04
6.397793667157584423e+04
6.397793667157584423e+04
6.397793667157584423e+04
6.397793667157584423e+04
6.397793667157584423e+04
6.397793667157584423e+04
6.397793667157584423e+04
6.397793667157584423e+04
6.397793667157584423e+04
6.397793667157584423e+04
6.397793667157584423e+04
6.397793667157584423e+04
6.397793667157584423e+04
6.397793667157584423e+04
6.397793667157584423e+04
6.397793667157584423e+04
6.397793667157584423e+04
6.397793667157584423e+04
6.397793667157584423e+04
6.397793667157584423e+04
6.397793667157584423e+04
6.397793667157584423e+04
6.397793667157584423e+04
6.397793667157584423e+04
6.397793667157584423e+04
6.397793667157584423e+04
6.397793667157584423e+04
6.397793667157584423e+04
6.397793667157584423e+04
6.397793667157584423e+04
6.397793667157584423e+04
6.397793667157584423e+04
6.397793667157584423e+04
6.397793667157584423e+04
6.397793667157584423e+04
6.397793667157584423e+04
6.397793667157584423e+04
6.397793667157584423e+04
6.397793667157584423e+04
6.397793667157584423e+04
6.397793667157584423e+04
6.397793667157584423e+04
6.397793667157584423e+04
6.397793667157584423e+04
6.397793667157584423e+04
6.397793667157584423e+04
6.397793667157584423e+04
6.397793667157584423e+04
6.397793667157584423e+04
6.397793667157584423e+04
6.397793667157584423e+04
6.397793667157584423e+04
6.397793667157584423e+04
6.397793667157584423e+04
6.397793667157584423e+04
6.397793667157584423e+04
6.397793667157584423e+04
6.397793667157584423e+04
6.397793667157584423e+04
6.397793667157584423e+04
6.397793667157584423e+04
6.397793667157584423e+04
6.397793667157584423e+04
6.397793667157584423e+04
6.397793667157584423e+04
6.397793667157584423e+04
6.397793667157584423e+04
6.397793667157584423e+04
6.397793667157584423e+04
6.397793667157584423e+04
6.397793667157584423e+04
6.397793667157584423e+04
6.397793667157584423e+04
6.397793667157584423e+04
6.397793667157584423e+04
6.397793667157584423e+04
6.397793667157584423e+04
6.397793667157584423e+04
6.397793667157584423e+04
6.397793667157584423e+04
6.397793667157584423e+04
6.397793667157584423e+04
2.319402221404025477e+04
1.841018348060873905e+04
1.718716114383897730e+04
1.629979817133038705e+04
1.393744155007363770e+04
1.182197597569955906e+04
1.132895701399116297e+04
1.132405384756995591e+04
1.134068826705940046e+04
1.076581254602356421e+04
1.062782994293078082e+04
1.070144869906725580e+04
1.047197571489936126e+04
1.046658988402061914e+04
1.082609086585665136e+04
1.057405532032400515e+04
1.065056273011782105e+04
1.046126469685812481e+04
1.024066743372606834e+04
1.026907484965635740e+04
1.023988690476190459e+04
1.017929054675994121e+04
1.015044616777123156e+04
1.013150744047619082e+04
1.013875414212076612e+04
1.014553448699067303e+04
1.014113270127638680e+04
1.014757365304369159e+04
1.007396126350024497e+04
1.022055848060873905e+04
1.005987989383897911e+04
1.025102818176239634e+04
1.004758934707903791e+04
1.003658144636720681e+04
1.023064923907707453e+04
1.023810292403043604e+04
1.006252988463426664e+04
9.984300825355916459e+03
1.005473186671575786e+04
9.971755737604320529e+03
9.978716387457045130e+03
1.025847718765341233e+04
1.016982977417771144e+04
1.032980226742758896e+04
9.938167740549828522e+03
1.058867771232204177e+04
9.892583011168384473e+03
9.887509204712812789e+03
9.877378114261167866e+03
9.984457198085419805e+03
9.858324665562100563e+03
9.804090574374078642e+03
9.860390878129603152e+03
9.847858630952381645e+03
9.807639344010800414e+03
1.016612673355424704e+04
9.827808388561610627e+03
9.864961601006381898e+03
9.740387595115365912e+03
9.739610318483062656e+03
9.773088549337260702e+03
9.741158765954834962e+03
9.824720222754049246e+03
9.772941258591064980e+03
9.824689939248895826e+03
9.760394053755522691e+03
9.845114736745214032e+03
9.730454697471772306e+03
9.701917264972998964e+03
9.661217169857633053e+03
9.951604396784487108e+03
9.890181562960235169e+03
9.641977156971035583e+03
9.669083133897889638e+03
9.885653964162984266e+03
9.655141553141875193e+03
9.663631964899361265e+03
9.639917357020127383e+03
9.693767212812959770e+03
9.663916589960726924e+03
1.011266737236131485e+04
9.741271799828178700e+03
9.677478829160530950e+03
9.651091678939617850e+03
9.647149361806577872e+03
9.863193651816396596e+03
9.665446489936181024e+03
9.633913506381933985e+03
9.608412248404516504e+03
9.716895971404024749e+03
9.654124800564555699e+03
9.832779485763378034e+03
9.610370873220421345e+03
9.585290516077564462e+03
9.563606498527246004e+03
9.887470038659794227e+03
9.552211554982817688e+03
9.609182882302406142e+03
9.780511521232203449e+03
9.646365641875307119e+03
9.560216095974472410e+03
9.641245612420225370e+03
9.617724717722139758e+03
9.522760109842905877e+03
9.684605363279331868e+03
9.572865120274913352e+03
9.541401463549336768e+03
9.540997039150712226e+03
1.214004789518900361e+04
1.032048821796759876e+04
1.006940532952871945e+04
9.953633161512027073e+03
9.789374754540991489e+03
9.746258775159549259e+03
9.819990902675503094e+03
9.807665669489444554e+03
9.835199864997544864e+03
9.690899377147767154e+03
9.690100392734413617e+03
9.702226297864506705e+03
9.676333563451153168e+03
9.912586892488954618e+03
9.717149024300440942e+03
9.676699512150220471e+03
9.660401294796269212e+03
9.708860011659302472e+03
9.771835665193912064e+03
9.825693621134019850e+03
9.596683005031909488e+03
9.571884388807069627e+03
9.556799567378497159e+03
9.729924306578301184e+03
9.564616286205204233e+03
9.546354335419735435e+03
9.593437024423170442e+03
9.690499877270496654e+03
9.544695968335787256e+03
9.658708041850761219e+03
9.518161588733431927e+03
9.517864031050565245e+03
9.934988693544428315e+03
9.757978353583701391e+03
9.493811548846342703e+03
9.620295808787432179e+03
9.897454850883652398e+03
1.436669375920471248e+04
1.213670185935198788e+04
1.145861693053510135e+04
1.124158853399607324e+04
1.092067564126165962e+04
1.081430107081492315e+04
